$ANSIBLE_VAULT;1.1;AES256
62623366616239663531303736646462636133646531623230303661356263663238326435363530
3566646138623538376461643531376432326461353261610a373131383661336530643339356330
35396263326263386566643065353766363935616264356339363738336163663165653739313032
3762393562383930620a643164356535656632613436663330626431663935316538626633386530
31666163333165353633643866373031336338303763363339313866396364306534653230663935
65396136626166386135383865646464323833306132313832663636393062363038343839343339
36613531356238383831306564666162373938333865626539373864313134326639386436323232
31383162663565313834376462633465653137393932343961643234326636356235393565343631
61303132323035646562376432313639396333613037396632326336393730666534373236633930
66313536663434363239383633373036633663346466636161636565343030336531333163353865
61666466613034353035336365393530386230613063303163626663343864346534323135396438
65333931343662363135303365373564656634626636303263656539653832323338383262356436
38346337313331303830626363343938613362323233313333613366313464623562373630633363
34386564356330313864316437616132636262626563356134663333613437393164393334653563
64363336626132613736383039613831396266376237343633656233663662303035306565353332
38373663356433383765316265313065306634373134383230626461633435613833636564656630
65356637393562386361386463323633323331656230306130346633653566636337626562663364
35623634363738393333303565393438646561333639663831343732363061666238323362326635
66346631646232343332353031656635306661306132666432636166366664303466623939363663
63633038633137393137363538373432646164356365646133363034326665376139626430373336
66393336383230333339336664636462656335623635623533383435353236313432663261306535
33636366646334633234623062376236656661643161313434313939353562363061653037653237
38336434333962383837363233663534666564373362373163386362366533383561633864613039
65393436616537666538653262666361623438333062323761613134383639643734353736323031
36353066623638306134356363656535613930626636326135393365326232323261313361383865
39646432663537623133663237373535303037643962383937643936623136343363366133646132
66363838376638646637636663323264383439316333386431323466313863393936316331353363
30666537326531613634633564623438313837363761623337306166623863383364613436623935
31363137656465626436303232613439663734363264653239373763356162316562333136353439
65383032313665353337396635643135616534616463336538643631353564666631316339643237
63386335393634386366616236313631646665643664656536323161386163326465376538366430
37666664333133326138376363643265613239383465653263663633323933663531323665663966
36653666613731616161353839353564313132303136376234613132643534663436653066323936
36636565333535393665666131636465343930386163653437313337343737313537613437313433
35313465386533666362306561663265646566353035656366366164626562313061373638306539
38353664303464313935383036333466623934383764313963643032663762656330636337363032
66343032646461323238646630373230306236643865393661313936376539643333643633353061
33373238393830626462656638663338363562346234633666626630336336326661303263386234
34643034643165636637386532623233383564316564313762613933643565623938343135333765
65613731646134383538333662346137343939346539316562366662353266613738653734366434
33636361316338623566326662626362626338613337333933346535656539633764383137663366
62656232306235323562643264366534666131666530353665613336636332633963343363343065
63666266613564636631666165623131346636663764363562383630353364353337386366333263
32363935613362636337326534356639393266336662373533613833353136333835663365383734
33393363663465653762306466663434366665323634363664323665336438623439323839636139
37333536336331666237613039303030323265306437356230323364646330353439343438353461
33333034636532376530396632656231393366656235313638626635613862333266366134666463
37366234393135633865363764626137356236303265386333353634633730356439643830393731
33623962633764346439316163613038643633306365366166333437366136626530656138363231
33353166313862306566636337336666306530323465616432353137626162393235303336326161
35666165633932333433383566343763393834323238396666633361303261653638656462663961
30323762633062646365663461623865613738373634326264633636353539353563613463363634
37373066396466636461623137306631613635663834633037656130663137623364393737613262
63613963376532306331326166653565343037386436366464656561616466393666666537383638
35346238626434383964303661656165396666643166353332646435303831333438333365656366
34343065646163633839323530383263316436633033636530626466613737653737653961663230
37313762653030356234336437386436616236303139393531623230363664396561353266346461
64666262653062363831326238643237316534663836383338376239616235633837663837343962
36643862376465663139313134663532306633613434363464363330626339623165646262613365
65663461343732356637306330633737363831616330343064333164306135343138323565613066
34306435316466316432653934366130393363633730306133313264353237323762383835346236
33316538366362386332393162373533383964316230313033396633666138306531353365613336
31356164343332333630353339623131356235386639636562383361666339643665383165356261
36653862643638613732343163316236663632383035613364626263313439353861633931653136
61316533663264393637376534316633393763353061366365623364303935356264343231313837
37393431373238616464326338346565383561623532363231353336316434396461626362653838
39306133303431363531303036353064366438613033646430346135623533373861363666303866
38363438306630663366383363363136373763666431653462613164366437303631373434313835
35613138613466306235636262636331646162663637383034346532336231333961303731346239
62336639663264636335363863653838666532616438383661353762616131383838666266653132
32653739633632633366396434363033663664646135656230393638316635656664333038386135
64656135323030393036333130663534353363313961313338623538643364633136646632386464
37373838623537636339313662376664636336613637333263306234373963636137303335623961
66313565633462376131363533656533613930623364653330626334383762623638373161346662
65393865653062636133303933353235396130303361363139373134613430343136313738333034
62623634373934343335
