$ANSIBLE_VAULT;1.1;AES256
32316431353230373534333435326235313433323564363439633235316438653230376435336237
3036346537333433336163616263643964336662306538330a363139373533613938346138396135
31643438633161363539393232353937313730633831363365336636366334383138376666356662
6332373533663433340a373663616635616238306336623838393633343439363835643033333439
31646162636163316136323661343733656534633537303433636133626239613964306632383133
62343534306531306231663466303635376335383533383265333863343036643266306434613664
36383837656462373265386564346462653530333661666266383361656431613163663037313637
61613637613030386538633135626231343230393837306539626166396565386561363062626434
39383233366539633836343566393134663033636535653564643536623865396364643563393838
35306538633535613831346564646539373064376666356537633862613035643461396164323333
32636238386631396631343362653761326535666334343165363165306566313539306635363732
37663261646566623661323538613464303030643762333862393732343365373535343638653662
31366666643165363639393538623330383539353332666638636265393761333666633963653133
38363565346231383561306437396236333135633863336231396563396533356632353633626561
32346162646563326163333737623263313531623931353633386633633434303438626336646162
37316132363231616532343561303638386435626337396235626461323732373864656531383864
66636238393738633937353438323534623565623130393262346133613061336635613738663931
35343262393261323036333765366633373662353265396330303137633262636235613835663839
62646435383836393564316433363834646238666138643831323631376337313966653863643663
39386166366162626130623263663866623363396163306138333936313936343466666564663630
33326231313834336561333232633039346166346334376635356532383135326136386536636237
65376461383736303530373837323138386435323465663364333362626639613335303865303339
39356532626566343237633835306632323134653237333739623039616566633439613136616464
31313331373832633038396465656464303937353161613232633834653765336133396539353962
34623166323964626261633337323734363439636562633363613161656239316235663938363332
39356435303632623065643334636662396632616332323366663332336562376330376261633039
33373461326366653462646438353739333336303566653061663635613363623763373235383666
37376364353266323933363366383830363338393066663231653531303633656362666566363165
37356265353463343736663833613466656236316233393462656239353737623362353463383165
30656231633362633833363462303235336434626337383564663862656131383633306364373461
33613638393036636161333432646532666437373037343236353032643830356563343830336238
39366566636238346563616536616161326235646130353361623466663762303534373464343462
66366632353337373664366339643366306366356132313834333434343464333435646465326334
34366639376634633238656662326535323461313731653832323161373239356365666366386661
61393939393739326436616230663330616166383138336561393061656462376431393266373833
37613837636461356236323264346537623737363332323065636537383865353131323335363061
63373763386337646231616438303939623932363863666565306166643165396335653662386335
61323462636137323865393337346338656532363066303839653536666231363038643234323731
62363539313534613734353630363334396233396236626234316230326636366631336632313032
66356230336432373831656539343066353034366137613436373537373136383062393139376562
34643234393134326634663664323637306139356239363663343466366332313864356338376135
38333962616664623964653230623265613038653330633362616534306138613237313939373061
38363266336432653631666139323532306535383238623235323964393739346662346432373038
30333865366263326437306464386531316434343562303766653434336566393761316239653962
36656631333731343137376162373665633465323364633437626339313035616166613730353266
31316461313831313534383639313932336535333464393364383439633864333331633334616537
35303933623563613630353031313431363137376437353063623835363466636466323036323663
35373230323435396532633434653566313266646332306166666330366339613734326364626531
33623234346236366539646638346131356666316566383631623833663838373766623032363538
33376337363336623932396339396631666633373531336233373338633238653931643464383265
35346136353330396230656132613339653162613361323938343636663035333766303530616665
35373561363636633662343132373233646466373664656661336533356331646461616564643265
65316463386334646230326537616662383031333534343661383435326666353939666138616330
38633232316165323763663233386361306262383265326265616536663735323063653837393132
32393531373738343030636637303161656334316562363133656137306564306566363633363636
61303934336437623630
